1 23
1 29
1 11
1 20
1 13
1 26
1 10
1 31
1 12
1 9
1 4
1 25
1 18
1 21
1 42
1 75
2 26
2 10
2 19
2 25
2 21
2 6
2 30
2 7
2 17
2 18
2 5
2 29
2 14
2 23
2 112
2 119
3 31
3 30
3 11
3 25
3 14
3 10
3 13
3 1
3 9
3 29
3 12
3 22
3 8
3 19
3 65
3 124
4 9
4 18
4 20
4 12
4 30
4 7
4 1
4 2
4 16
4 23
4 25
4 32
4 24
4 14
4 57
4 34
5 23
5 26
5 16
5 32
5 8
5 19
5 29
5 15
5 22
5 6
5 10
5 7
5 24
5 14
5 97
5 88
6 15
6 4
6 10
6 27
6 9
6 12
6 16
6 8
6 3
6 17
6 21
6 28
6 32
6 31
6 46
6 43
7 6
7 16
7 8
7 30
7 27
7 28
7 26
7 18
7 1
7 4
7 31
7 32
7 19
7 20
7 87
7 100
8 13
8 16
8 30
8 3
8 26
8 4
8 23
8 22
8 2
8 19
8 25
8 32
8 27
8 17
8 90
8 95
9 31
9 6
9 11
9 30
9 18
9 26
9 4
9 20
9 15
9 12
9 24
9 28
9 22
9 25
9 128
9 50
10 25
10 30
10 24
10 29
10 1
10 9
10 7
10 27
10 6
10 14
10 8
10 16
10 28
10 15
10 61
10 64
11 32
11 19
11 21
11 17
11 6
11 28
11 9
11 5
11 8
11 31
11 29
11 22
11 15
11 27
11 110
11 125
12 11
12 28
12 17
12 23
12 18
12 16
12 21
12 8
12 19
12 10
12 20
12 22
12 32
12 4
12 64
12 64
13 23
13 28
13 31
13 24
13 4
13 2
13 20
13 11
13 17
13 3
13 9
13 16
13 7
13 32
13 112
13 51
14 4
14 17
14 28
14 7
14 20
14 19
14 10
14 12
14 31
14 5
14 8
14 32
14 30
14 2
14 104
14 80
15 32
15 12
15 10
15 13
15 9
15 17
15 20
15 6
15 24
15 25
15 22
15 7
15 1
15 29
15 60
15 107
16 10
16 20
16 18
16 22
16 3
16 31
16 4
16 17
16 25
16 6
16 1
16 26
16 32
16 9
16 78
16 78
17 22
17 25
17 11
17 20
17 16
17 4
17 26
17 19
17 13
17 1
17 10
17 18
17 7
17 5
17 93
17 103
18 4
18 11
18 30
18 31
18 32
18 17
18 29
18 1
18 12
18 20
18 19
18 28
18 27
18 25
18 65
18 82
19 13
19 5
19 20
19 15
19 26
19 18
19 14
19 1
19 2
19 3
19 6
19 22
19 10
19 7
19 36
19 123
20 28
20 25
20 18
20 13
20 12
20 1
20 11
20 30
20 31
20 2
20 19
20 4
20 22
20 29
20 46
20 59
21 4
21 6
21 26
21 7
21 14
21 23
21 20
21 30
21 22
21 3
21 12
21 2
21 1
21 29
21 94
21 64
22 30
22 7
22 18
22 14
22 16
22 19
22 32
22 29
22 5
22 4
22 9
22 24
22 28
22 31
22 96
22 110
23 1
23 3
23 31
23 20
23 7
23 12
23 28
23 2
23 25
23 9
23 29
23 19
23 13
23 27
23 48
23 74
24 32
24 31
24 13
24 18
24 12
24 16
24 26
24 8
24 9
24 25
24 5
24 4
24 29
24 19
24 96
24 123
25 26
25 14
25 7
25 15
25 16
25 27
25 4
25 10
25 8
25 11
25 9
25 29
25 1
25 31
25 33
25 118
26 24
26 2
26 6
26 1
26 14
26 30
26 20
26 16
26 18
26 28
26 17
26 3
26 9
26 7
26 42
26 126
27 25
27 20
27 11
27 31
27 29
27 24
27 4
27 23
27 9
27 8
27 26
27 6
27 10
27 21
27 128
27 106
28 31
28 19
28 13
28 25
28 1
28 20
28 7
28 30
28 6
28 8
28 24
28 29
28 23
28 12
28 83
28 90
29 1
29 4
29 8
29 17
29 11
29 10
29 25
29 28
29 6
29 24
29 26
29 32
29 19
29 7
29 73
29 54
30 31
30 2
30 19
30 5
30 10
30 17
30 28
30 23
30 27
30 32
30 18
30 6
30 9
30 13
30 108
30 58
31 1
31 9
31 14
31 23
31 4
31 19
31 16
31 12
31 18
31 30
31 21
31 29
31 25
31 22
31 34
31 89
32 19
32 25
32 24
32 23
32 16
32 17
32 21
32 3
32 27
32 18
32 10
32 6
32 31
32 7
32 114
32 62
33 57
33 61
33 60
33 44
33 64
33 40
33 53
33 50
33 62
33 34
33 48
33 54
33 63
33 47
33 73
33 96
34 58
34 59
34 60
34 36
34 37
34 35
34 53
34 41
34 63
34 55
34 49
34 44
34 50
34 51
34 82
34 91
35 64
35 34
35 54
35 59
35 57
35 44
35 62
35 49
35 45
35 43
35 46
35 33
35 38
35 52
35 86
35 92
36 58
36 62
36 34
36 55
36 40
36 57
36 42
36 50
36 63
36 44
36 53
36 41
36 48
36 37
36 123
36 79
37 60
37 39
37 49
37 34
37 48
37 51
37 54
37 61
37 50
37 40
37 45
37 62
37 43
37 56
37 98
37 127
38 41
38 59
38 50
38 60
38 35
38 42
38 47
38 33
38 46
38 53
38 37
38 40
38 56
38 39
38 89
38 103
39 62
39 33
39 53
39 52
39 50
39 38
39 58
39 55
39 54
39 57
39 40
39 37
39 47
39 46
39 125
39 124
40 39
40 34
40 46
40 36
40 56
40 35
40 64
40 59
40 47
40 62
40 55
40 44
40 45
40 54
40 77
40 67
41 36
41 37
41 39
41 33
41 34
41 40
41 61
41 48
41 49
41 45
41 46
41 63
41 59
41 54
41 116
41 123
42 48
42 41
42 36
42 45
42 56
42 50
42 33
42 51
42 60
42 44
42 62
42 61
42 53
42 40
42 88
42 109
43 49
43 45
43 63
43 57
43 44
43 33
43 40
43 42
43 47
43 60
43 37
43 51
43 50
43 55
43 105
43 68
44 47
44 39
44 37
44 50
44 42
44 43
44 58
44 41
44 63
44 57
44 62
44 56
44 52
44 61
44 86
44 121
45 56
45 53
45 33
45 35
45 62
45 52
45 49
45 60
45 41
45 38
45 51
45 44
45 48
45 46
45 82
45 92
46 47
46 45
46 62
46 61
46 52
46 63
46 48
46 54
46 42
46 44
46 56
46 39
46 49
46 35
46 111
46 116
47 56
47 40
47 50
47 49
47 45
47 63
47 42
47 51
47 37
47 57
47 64
47 46
47 36
47 44
47 111
47 102
48 49
48 46
48 40
48 57
48 56
48 58
48 55
48 36
48 34
48 38
48 43
48 60
48 53
48 41
48 82
48 89
49 53
49 59
49 39
49 40
49 41
49 38
49 63
49 54
49 56
49 46
49 37
49 50
49 35
49 61
49 110
49 114
50 51
50 56
50 33
50 47
50 58
50 41
50 57
50 63
50 54
50 39
50 37
50 46
50 45
50 34
50 107
50 68
51 45
51 41
51 33
51 36
51 39
51 43
51 64
51 58
51 59
51 61
51 55
51 47
51 37
51 35
51 126
51 123
52 38
52 45
52 59
52 62
52 64
52 39
52 58
52 56
52 42
52 33
52 43
52 46
52 47
52 34
52 123
52 105
53 64
53 38
53 36
53 41
53 47
53 43
53 35
53 39
53 33
53 45
53 44
53 57
53 37
53 52
53 124
53 86
54 37
54 50
54 48
54 59
54 52
54 45
54 38
54 36
54 62
54 63
54 60
54 56
54 61
54 33
54 72
54 108
55 43
55 57
55 49
55 59
55 53
55 48
55 40
55 44
55 50
55 58
55 37
55 52
55 63
55 39
55 68
55 127
56 40
56 51
56 45
56 63
56 61
56 47
56 52
56 55
56 41
56 46
56 34
56 48
56 43
56 49
56 110
56 90
57 34
57 52
57 51
57 36
57 50
57 53
57 55
57 62
57 54
57 58
57 60
57 56
57 39
57 63
57 94
57 67
58 47
58 53
58 33
58 51
58 39
58 63
58 44
58 56
58 43
58 64
58 45
58 52
58 61
58 37
58 84
58 71
59 60
59 64
59 55
59 58
59 43
59 35
59 42
59 34
59 54
59 50
59 41
59 48
59 53
59 40
59 92
59 108
60 40
60 52
60 62
60 61
60 54
60 47
60 41
60 56
60 38
60 59
60 42
60 39
60 37
60 53
60 88
60 126
61 45
61 47
61 43
61 59
61 46
61 64
61 60
61 42
61 37
61 34
61 44
61 57
61 55
61 63
61 103
61 122
62 48
62 46
62 34
62 49
62 51
62 44
62 52
62 50
62 37
62 55
62 36
62 38
62 33
62 42
62 81
62 107
63 44
63 52
63 36
63 48
63 47
63 38
63 39
63 50
63 58
63 59
63 60
63 56
63 46
63 49
63 66
63 84
64 63
64 37
64 49
64 40
64 53
64 47
64 62
64 36
64 39
64 44
64 54
64 58
64 56
64 55
64 84
64 81
65 80
65 95
65 94
65 73
65 66
65 85
65 93
65 96
65 82
65 90
65 72
65 75
65 67
65 83
65 112
65 63
66 78
66 94
66 75
66 90
66 88
66 79
66 67
66 85
66 96
66 77
66 91
66 73
66 95
66 80
66 120
66 6
67 92
67 72
67 73
67 78
67 87
67 86
67 88
67 68
67 75
67 89
67 74
67 91
67 82
67 90
67 102
67 9
68 89
68 76
68 90
68 74
68 96
68 71
68 77
68 83
68 69
68 79
68 82
68 73
68 66
68 75
68 104
68 25
69 94
69 81
69 87
69 66
69 80
69 70
69 84
69 72
69 68
69 86
69 96
69 93
69 95
69 71
69 108
69 48
70 86
70 96
70 94
70 66
70 75
70 69
70 73
70 81
70 76
70 84
70 71
70 78
70 67
70 93
70 113
70 25
71 70
71 67
71 65
71 82
71 79
71 92
71 89
71 76
71 91
71 72
71 83
71 75
71 85
71 88
71 121
71 40
72 84
72 87
72 77
72 95
72 92
72 89
72 83
72 69
72 90
72 76
72 67
72 96
72 78
72 74
72 105
72 22
73 66
73 86
73 69
73 67
73 90
73 83
73 95
73 81
73 72
73 82
73 74
73 85
73 77
73 92
73 97
73 3
74 93
74 96
74 81
74 65
74 89
74 76
74 91
74 95
74 77
74 68
74 86
74 92
74 83
74 79
74 101
74 51
75 72
75 90
75 96
75 77
75 65
75 84
75 82
75 66
75 71
75 74
75 94
75 88
75 86
75 95
75 102
75 58
76 84
76 92
76 89
76 86
76 85
76 69
76 96
76 83
76 90
76 70
76 82
76 73
76 68
76 80
76 112
76 55
77 94
77 69
77 73
77 72
77 87
77 83
77 86
77 90
77 88
77 80
77 81
77 66
77 96
77 70
77 106
77 51
78 69
78 92
78 67
78 86
78 87
78 66
78 84
78 80
78 82
78 93
78 88
78 65
78 74
78 71
78 127
78 32
79 81
79 78
79 87
79 67
79 76
79 73
79 89
79 95
79 69
79 74
79 68
79 75
79 93
79 80
79 118
79 22
80 77
80 81
80 89
80 65
80 95
80 86
80 74
80 85
80 91
80 94
80 69
80 68
80 78
80 73
80 120
80 20
81 89
81 83
81 87
81 66
81 79
81 77
81 82
81 67
81 76
81 65
81 68
81 72
81 78
81 75
81 100
81 61
82 83
82 94
82 71
82 92
82 65
82 87
82 88
82 89
82 66
82 95
82 78
82 70
82 74
82 69
82 122
82 64
83 75
83 72
83 69
83 66
83 92
83 81
83 87
83 68
83 78
83 85
83 96
83 65
83 79
83 76
83 104
83 12
84 66
84 73
84 75
84 83
84 96
84 93
84 78
84 68
84 91
84 87
84 65
84 92
84 72
84 71
84 102
84 4
85 76
85 65
85 74
85 69
85 96
85 95
85 73
85 82
85 70
85 77
85 93
85 81
85 68
85 88
85 125
85 32
86 79
86 76
86 71
86 87
86 82
86 78
86 92
86 96
86 89
86 65
86 66
86 93
86 85
86 74
86 119
86 16
87 89
87 81
87 68
87 73
87 74
87 91
87 84
87 70
87 66
87 80
87 95
87 65
87 88
87 93
87 107
87 59
88 81
88 89
88 93
88 75
88 68
88 72
88 92
88 71
88 83
88 66
88 73
88 70
88 80
88 67
88 98
88 18
89 80
89 92
89 82
89 77
89 85
89 66
89 88
89 68
89 95
89 72
89 81
89 76
89 87
89 93
89 121
89 12
90 80
90 95
90 79
90 86
90 74
90 66
90 84
90 92
90 83
90 72
90 70
90 94
90 76
90 91
90 97
90 2
91 81
91 92
91 65
91 83
91 75
91 71
91 84
91 80
91 95
91 78
91 89
91 69
91 90
91 79
91 119
91 25
92 83
92 81
92 70
92 74
92 69
92 77
92 89
92 75
92 67
92 96
92 87
92 66
92 79
92 82
92 119
92 53
93 69
93 73
93 84
93 92
93 96
93 90
93 75
93 76
93 89
93 83
93 81
93 87
93 88
93 72
93 98
93 3
94 96
94 83
94 81
94 84
94 74
94 91
94 93
94 75
94 85
94 73
94 68
94 82
94 71
94 70
94 98
94 24
95 69
95 67
95 79
95 73
95 77
95 87
95 72
95 84
95 70
95 89
95 74
95 68
95 81
95 66
95 116
95 29
96 85
96 66
96 80
96 84
96 75
96 81
96 78
96 69
96 67
96 77
96 93
96 92
96 91
96 72
96 114
96 50
97 106
97 99
97 122
97 100
97 101
97 115
97 104
97 125
97 116
97 128
97 102
97 108
97 111
97 126
97 35
97 89
98 113
98 105
98 116
98 109
98 99
98 112
98 102
98 128
98 114
98 106
98 120
98 127
98 126
98 108
98 55
98 67
99 102
99 104
99 115
99 112
99 108
99 114
99 125
99 128
99 97
99 116
99 100
99 123
99 98
99 117
99 42
99 46
100 107
100 119
100 125
100 126
100 111
100 113
100 121
100 98
100 106
100 123
100 120
100 97
100 117
100 101
100 1
100 71
101 114
101 107
101 126
101 123
101 117
101 106
101 113
101 121
101 127
101 99
101 128
101 119
101 124
101 122
101 95
101 63
102 98
102 99
102 115
102 117
102 106
102 109
102 111
102 120
102 124
102 104
102 123
102 113
102 122
102 119
102 20
102 59
103 128
103 117
103 122
103 109
103 127
103 120
103 113
103 104
103 108
103 116
103 99
103 121
103 123
103 98
103 88
103 69
104 112
104 115
104 103
104 99
104 119
104 125
104 118
104 106
104 98
104 113
104 109
104 124
104 102
104 101
104 7
104 54
105 121
105 109
105 104
105 101
105 117
105 98
105 116
105 127
105 100
105 110
105 102
105 107
105 128
105 99
105 72
105 57
106 116
106 110
106 117
106 102
106 107
106 97
106 122
106 111
106 127
106 120
106 119
106 100
106 108
106 121
106 22
106 33
107 101
107 126
107 122
107 119
107 106
107 105
107 97
107 103
107 110
107 104
107 121
107 102
107 116
107 127
107 75
107 77
108 107
108 113
108 111
108 121
108 126
108 118
108 103
108 116
108 101
108 127
108 115
108 112
108 106
108 124
108 34
108 49
109 113
109 123
109 107
109 98
109 114
109 116
109 106
109 100
109 112
109 117
109 108
109 104
109 125
109 122
109 89
109 91
110 101
110 104
110 128
110 100
110 109
110 102
110 113
110 127
110 116
110 114
110 107
110 119
110 123
110 118
110 91
110 28
111 121
111 120
111 103
111 116
111 98
111 101
111 100
111 125
111 97
111 123
111 107
111 113
111 112
111 99
111 82
111 51
112 117
112 109
112 126
112 114
112 110
112 128
112 105
112 124
112 107
112 118
112 123
112 104
112 113
112 125
112 86
112 68
113 126
113 114
113 124
113 121
113 127
113 106
113 100
113 104
113 117
113 110
113 120
113 109
113 111
113 119
113 4
113 93
114 101
114 100
114 116
114 113
114 127
114 117
114 102
114 120
114 128
114 97
114 126
114 121
114 98
114 106
114 54
114 92
115 122
115 124
115 119
115 114
115 104
115 98
115 112
115 99
115 108
115 100
115 116
115 111
115 128
115 110
115 83
115 13
116 113
116 124
116 108
116 119
116 115
116 99
116 122
116 126
116 117
116 98
116 114
116 106
116 107
116 100
116 65
116 66
117 100
117 121
117 123
117 128
117 98
117 126
117 113
117 118
117 111
117 125
117 107
117 109
117 110
117 101
117 14
117 87
118 123
118 102
118 114
118 120
118 112
118 106
118 127
118 103
118 113
118 99
118 110
118 104
118 122
118 116
118 67
118 14
119 118
119 111
119 99
119 125
119 128
119 114
119 121
119 98
119 123
119 100
119 124
119 104
119 122
119 102
119 8
119 93
120 99
120 116
120 100
120 121
120 115
120 110
120 107
120 128
120 113
120 125
120 105
120 119
120 104
120 117
120 7
120 81
121 126
121 105
121 128
121 97
121 123
121 119
121 120
121 101
121 118
121 124
121 108
121 104
121 115
121 114
121 65
121 93
122 97
122 100
122 98
122 101
122 124
122 102
122 105
122 113
122 119
122 109
122 106
122 128
122 103
122 112
122 56
122 58
123 118
123 105
123 124
123 125
123 122
123 99
123 113
123 119
123 102
123 128
123 111
123 97
123 106
123 100
123 6
123 35
124 109
124 122
124 99
124 103
124 110
124 117
124 125
124 123
124 126
124 101
124 113
124 121
124 127
124 100
124 5
124 38
125 107
125 114
125 105
125 110
125 121
125 124
125 103
125 119
125 108
125 109
125 123
125 118
125 99
125 116
125 33
125 41
126 116
126 123
126 99
126 104
126 110
126 102
126 117
126 128
126 106
126 119
126 97
126 100
126 122
126 107
126 92
126 58
127 125
127 109
127 105
127 107
127 112
127 123
127 98
127 119
127 110
127 111
127 114
127 100
127 97
127 103
127 60
127 94
128 106
128 127
128 103
128 104
128 108
128 118
128 102
128 98
128 119
128 101
128 114
128 105
128 111
128 110
128 13
128 46
